SCL_LLRF:FCM23b

Initial Phase:    -162.64139290506975
Sync Phase:    18.91204811113306

Amplitude:    0.014830943034791324
Frequency:    1.0006105721476122
Phase:    -143.7293447939367
Offset:    0.9592028835893025

-180.0    0.9711190704156889
-176.0    0.9717048794864231
-172.0    0.9722305474776698
-168.0    0.972693445918494
-164.0    0.9730912667030259
-160.0    0.9734219760529654
-156.0    0.9736838728622036
-152.0    0.9738755749566304
-148.0    0.9739960733783465
-144.0    0.9740446087704766
-140.0    0.9740208868078701
-136.0    0.9739248795538381
-132.0    0.9737569474896155
-128.0    0.9735178035959102
-124.0    0.9732085286132045
-120.0    0.9728305093865153
-116.0    0.9723855045993831
-112.0    0.971875662979721
-108.0    0.9713033304625921
-104.0    0.9706713058626978
-100.0    0.9699826325814364
-96.0    0.969240664508417
-92.0    0.968448984585842
-88.0    0.9676114949026625
-84.0    0.9667322991783343
-80.0    0.9658157639237512
-76.0    0.9648663664892307
-72.0    0.9638888600911953
-68.0    0.9628880838816662
-64.0    0.9618689974780772
-60.0    0.9608366814837437
-56.0    0.9597962916078375
-52.0    0.9587529841640128
-48.0    0.9577119998193325
-44.0    0.9566784971769178
-40.0    0.9556576252241108
-36.0    0.9546544952394036
-32.0    0.9536740483129862
-28.0    0.9527211742187877
-24.0    0.9518006051922013
-20.0    0.9509168594407101
-16.0    0.9500743090683696
-12.0    0.94927708530312
-8.0    0.9485291145957935
-4.0    0.947834006695592
0.0    0.9471951539914146
4.0    0.946615637623748
8.0    0.9460982108711007
12.0    0.9456453590567012
16.0    0.9452592025741741
20.0    0.9449415270804427
24.0    0.9446937768243312
28.0    0.9445170773343082
32.0    0.9444121614271301
36.0    0.9443794303432395
40.0    0.9444189115745931
44.0    0.9445303223000722
48.0    0.944713001741081
52.0    0.944965920915731
56.0    0.945287794026798
60.0    0.9456769146303212
64.0    0.9461313465984964
68.0    0.946648790705268
72.0    0.9472266684080484
76.0    0.9478621457691998
80.0    0.9485520920264842
84.0    0.9492931345464252
88.0    0.9500816946674251
92.0    0.9509139235944863
96.0    0.951785817288153
100.0    0.9526932090563656
104.0    0.9536316974764231
108.0    0.9545968273702493
112.0    0.9555840019467977
116.0    0.9565884658610674
120.0    0.9576054550040022
124.0    0.958630123811337
128.0    0.9596576009765866
132.0    0.9606829631323764
136.0    0.9617013685828268
140.0    0.9627079303533673
144.0    0.9636978545197794
148.0    0.9646664304969643
152.0    0.9656089826692197
156.0    0.9665210298961444
160.0    0.9673981876794668
164.0    0.9682362057169603
168.0    0.9690310537315019
172.0    0.9697788675760376
176.0    0.970476012741319
180.0    0.9711190684166139
