SCL_LLRF:FCM23c

Initial Phase:    161.47659726251476
Sync Phase:    18.88695595232025

Amplitude:    0.014811523630314048
Frequency:    0.9998664042937955
Phase:    -179.63644678516502
Offset:    0.9732000043335076

-180.0    0.9880091667278496
-176.0    0.9879872882309183
-172.0    0.9878932383765284
-168.0    0.9877273572991625
-164.0    0.9874903767461851
-160.0    0.9871833226595713
-156.0    0.9868076362934796
-152.0    0.9863650188172353
-148.0    0.9858576013363872
-144.0    0.985287772961822
-140.0    0.9846582812511314
-136.0    0.9839721835428037
-132.0    0.9832327641097668
-128.0    0.9824436521798209
-124.0    0.9816087101752131
-120.0    0.980732068867268
-116.0    0.9798179975570628
-112.0    0.9788710462945088
-108.0    0.9778958941410419
-104.0    0.9768973793560118
-100.0    0.9758804836150903
-96.0    0.9748502387655429
-92.0    0.973811772218181
-88.0    0.9727702800113576
-84.0    0.9717309508971792
-80.0    0.9706989165130036
-76.0    0.9696793735810424
-72.0    0.9686773553953844
-68.0    0.967697843508983
-64.0    0.9667457356364284
-60.0    0.9658256916875306
-56.0    0.9649422858141354
-52.0    0.9640998693965944
-48.0    0.963302575057601
-44.0    0.9625543021827209
-40.0    0.9618587062491052
-36.0    0.9612191526184497
-32.0    0.9606387351737654
-28.0    0.9601202126002146
-24.0    0.9596660969581114
-20.0    0.9592784719650496
-16.0    0.9589591748199839
-12.0    0.9587096546590147
-8.0    0.9585310286593828
-4.0    0.95842405694369
0.0    0.9583891465395218
4.0    0.95842638306404
8.0    0.9585354173207744
12.0    0.958715633089087
16.0    0.9589660775926184
20.0    0.9592853816537308
24.0    0.9596719439825562
28.0    0.9601237735482222
32.0    0.9606386172722183
36.0    0.9612139077153551
40.0    0.9618468339422386
44.0    0.9625342450440847
48.0    0.9632728143609314
52.0    0.9640589463327752
56.0    0.9648888133923121
60.0    0.9657584462330635
64.0    0.9666636624101661
68.0    0.9676000834501224
72.0    0.9685632385832149
76.0    0.9695485309029392
80.0    0.9705512701036261
84.0    0.9715666209105066
88.0    0.9725897992833984
92.0    0.9736158980690713
96.0    0.9746400473411871
100.0    0.9756573589526057
104.0    0.9766629735223719
108.0    0.9776520980806804
112.0    0.9786200114220562
116.0    0.9795620709485471
120.0    0.9804737541979613
124.0    0.9813506975027677
128.0    0.9821886564563169
132.0    0.9829835744165775
136.0    0.9837316112929346
140.0    0.984429134677839
144.0    0.985072719998297
148.0    0.98565919362188
152.0    0.9861856725432132
156.0    0.9866495240395943
160.0    0.987048435910801
164.0    0.9873803588869604
168.0    0.987643616379536
172.0    0.987836806284498
176.0    0.9879588887232502
180.0    0.9880091707699689
