SCL_LLRF:FCM23d

Initial Phase:    125.359758635
Sync Phase:    90.00000727918814
Initial Energy:    0.9871674135772942

Amplitude:    0.014783657002524493
Frequency:    1.0005590085066522
Phase:    -144.64023408581187
Offset:    0.9871578417653323

-180.0    0.999175974523889
-176.0    0.9997463590665343
-172.0    1.0002561464753652
-168.0    1.0007027465509624
-164.0    1.0010839603159363
-160.0    1.0013978171443434
-156.0    1.001642720937395
-152.0    1.0018173709733356
-148.0    1.001920823708239
-144.0    1.0019524461278597
-140.0    1.0019120056578108
-136.0    1.001799573227041
-132.0    1.0016155983342474
-128.0    1.0013608718522264
-124.0    1.0010365542501067
-120.0    1.0006441249379168
-116.0    1.0001854278680395
-112.0    0.999662631162877
-108.0    0.9990782291596773
-104.0    0.9984350386989295
-100.0    0.9977361609752112
-96.0    0.9969850015480545
-92.0    0.9961852051861477
-88.0    0.9953407121897594
-84.0    0.9944556816964987
-80.0    0.9935344602549393
-76.0    0.9925816058280738
-72.0    0.9916018490922078
-68.0    0.9906000260146278
-64.0    0.9895811425576677
-60.0    0.9885502387016818
-56.0    0.9875124606228081
-52.0    0.9864729714732632
-48.0    0.9854369538888126
-44.0    0.9844095343146467
-40.0    0.9833958809859666
-36.0    0.9824009838462195
-32.0    0.9814297889551888
-28.0    0.9804871002788031
-24.0    0.9795776302813368
-20.0    0.9787058323742285
-16.0    0.9778759701752933
-12.0    0.9770921861934089
-8.0    0.9763582383238957
-4.0    0.9756777353534576
0.0    0.9750539744398077
4.0    0.9744899607995291
8.0    0.9739883834743217
12.0    0.9735516387850457
16.0    0.9731817563421982
20.0    0.9728804773494718
24.0    0.9726491609476867
28.0    0.9724888336950135
32.0    0.9724001786692646
36.0    0.9723835148141747
40.0    0.9724388063256959
44.0    0.9725656755888232
48.0    0.9727634282300687
52.0    0.9730309447356306
56.0    0.973366857415558
60.0    0.9737694674000692
64.0    0.9742367160675732
68.0    0.9747662593315816
72.0    0.9753554905185775
76.0    0.9760015066999775
80.0    0.9767011081335634
84.0    0.9774509210453788
88.0    0.9782472936839887
92.0    0.9790863664432067
96.0    0.9799641118648165
100.0    0.9808762908873339
104.0    0.9818185214499497
108.0    0.9827863127615493
112.0    0.9837750067655289
116.0    0.9847799190565827
120.0    0.9857962160538896
124.0    0.9868190814377036
128.0    0.9878436316757837
132.0    0.9888649717582645
136.0    0.9898782291057169
140.0    0.9908785771562159
144.0    0.9918612483592182
148.0    0.9928215329010928
152.0    0.9937548156279509
156.0    0.9946566176996388
160.0    0.9955226222490822
164.0    0.9963486368635812
168.0    0.9971306483113813
172.0    0.9978649031109166
176.0    0.998547791649358
180.0    0.9991759728435803
