SCL_LLRF:FCM23a

Initial Phase:    -100.20171681555394
Sync Phase:    18.879964401094313

Amplitude:    0.014863131558438766
Frequency:    1.0013778632713686
Phase:    -81.32175241445962
Offset:    0.9452072410021716

-180.0    0.9429749114547382
-176.0    0.9439966713704409
-172.0    0.9450242010952119
-168.0    0.9460526451873019
-164.0    0.9470770634141743
-160.0    0.9480926073956929
-156.0    0.9490944343352995
-152.0    0.9500777574748828
-148.0    0.9510378967318392
-144.0    0.9519702251078157
-140.0    0.9528703065347651
-136.0    0.9537337846806069
-132.0    0.9545565095386649
-128.0    0.9553345024675581
-124.0    0.9560639648247474
-120.0    0.956741359756272
-116.0    0.9573633567722918
-112.0    0.9579268865829212
-108.0    0.9584291658857793
-104.0    0.9588676739621346
-100.0    0.9592402035027973
-96.0    0.9595448455907692
-92.0    0.9597800059563482
-88.0    0.9599444453852916
-84.0    0.9600372369338289
-80.0    0.9600578362003271
-76.0    0.9600060232135913
-72.0    0.9598819317106273
-68.0    0.9596860121824515
-64.0    0.9594191733942103
-60.0    0.9590825644355486
-56.0    0.9586777918649979
-52.0    0.9582066816548189
-48.0    0.957671487372943
-44.0    0.9570747622014282
-40.0    0.9564193857673957
-36.0    0.9557085282144466
-32.0    0.9549456278725871
-28.0    0.9541344457079645
-24.0    0.9532789070669807
-20.0    0.952383273468213
-16.0    0.9514519647639849
-12.0    0.9504895455374214
-8.0    0.9495008458608568
-4.0    0.9484907339935542
0.0    0.9474642745039633
4.0    0.9464265565017544
8.0    0.9453827600960927
12.0    0.9443380934750316
16.0    0.9432977770077315
20.0    0.942266980014864
24.0    0.9412508446095782
28.0    0.9402544389521906
32.0    0.9392827107115417
36.0    0.9383404573126879
40.0    0.9374323820602763
44.0    0.9365629538675159
48.0    0.9357364392826807
52.0    0.9349569021929554
56.0    0.9342281549853549
60.0    0.9335537447067463
64.0    0.9329369214887481
68.0    0.9323806821865936
72.0    0.9318876349324996
76.0    0.9314601328742277
80.0    0.931100190246762
84.0    0.9308094433988457
88.0    0.9305892215170277
92.0    0.9304404848747471
96.0    0.930363820218887
100.0    0.9303595082804469
104.0    0.9304274211997062
108.0    0.9305671315510545
112.0    0.9307778548798228
116.0    0.9310584207808756
120.0    0.9314073909256209
124.0    0.9318229727713033
128.0    0.9323030537045612
132.0    0.9328452341923702
136.0    0.9334468279653142
140.0    0.934104875967063
144.0    0.9348161471690069
148.0    0.935577200179409
152.0    0.9363843021914637
156.0    0.9372335843947833
160.0    0.9381209419827871
164.0    0.9390421095488691
168.0    0.9399927056013426
172.0    0.9409681387395846
176.0    0.9419638018330848
180.0    0.9429749128412707
