SCL_LLRF:FCM23c

Initial Phase:    161.47659726251476
Sync Phase:    11.500856838896482

Amplitude:    0.01483585230925806
Frequency:    0.9998053884105971
Phase:    172.97745410141124
Offset:    0.9592142604384886

-180.0    0.9739494129909357
-176.0    0.9737944393227506
-172.0    0.97356811344642
-168.0    0.9732713971743949
-164.0    0.9729056761056988
-160.0    0.9724726415609586
-156.0    0.9719743024334413
-152.0    0.9714130500186571
-148.0    0.9707915746489483
-144.0    0.9701128581450691
-140.0    0.9693802121643399
-136.0    0.9685971805965928
-132.0    0.9677676244968326
-128.0    0.9668956015103273
-124.0    0.9659854071512927
-120.0    0.9650415430033336
-116.0    0.9640686896648252
-112.0    0.9630716616917719
-108.0    0.962055452346849
-104.0    0.9610250739941892
-100.0    0.9599856728861181
-96.0    0.9589424318955795
-92.0    0.9579005396182312
-88.0    0.9568652162574289
-84.0    0.9558415995889221
-80.0    0.9548347742026438
-76.0    0.9538497807428657
-72.0    0.9528914965489728
-68.0    0.9519646512112986
-64.0    0.9510738453672802
-60.0    0.9502234379034973
-56.0    0.9494176613248584
-52.0    0.9486604452030033
-48.0    0.9479554447996658
-44.0    0.9473061143117332
-40.0    0.9467156037345759
-36.0    0.9461867071187221
-32.0    0.9457219642227929
-28.0    0.9453235613868726
-24.0    0.9449933392608734
-20.0    0.9447328298142673
-16.0    0.9445431818752696
-12.0    0.9444252292638977
-8.0    0.9443794262137427
-4.0    0.9444058604350667
0.0    0.94450430598791
4.0    0.9446741594742858
8.0    0.9449144839843553
12.0    0.9452240119725144
16.0    0.9456011526787846
20.0    0.9460439626809323
24.0    0.946550221129359
28.0    0.9471174207582331
32.0    0.9477427622430322
36.0    0.9484231422090236
40.0    0.9491552595845832
44.0    0.9499355570406561
48.0    0.9507602350697089
52.0    0.9516253282458037
56.0    0.9525266938671727
60.0    0.953459954542909
64.0    0.9544206930626152
68.0    0.9554043028246306
72.0    0.9564060755155861
76.0    0.9574212208234955
80.0    0.9584449533065883
84.0    0.9594723493687777
88.0    0.9604985587938654
92.0    0.9615186396590919
96.0    0.9625277979027623
100.0    0.9635211452132645
104.0    0.9644940057662713
108.0    0.9654416927364032
112.0    0.9663596636438031
116.0    0.9672435086633805
120.0    0.9680889803655394
124.0    0.9688920047261644
128.0    0.9696486628537662
132.0    0.9703552850167533
136.0    0.9710084189556524
140.0    0.9716048708974405
144.0    0.9721416669453316
148.0    0.9726161416550205
152.0    0.9730259295156027
156.0    0.9733689483731893
160.0    0.9736434266748484
164.0    0.9738479544306835
168.0    0.9739813723885274
172.0    0.9740429968401862
176.0    0.9740323543954287
180.0    0.9739494058834512
