SCL_LLRF:FCM23c

Initial Phase:    154.090498149091
Sync Phase:    18.886947701528726

Amplitude:    0.014835853559337583
Frequency:    0.9998053633786127
Phase:    172.97744585061972
Offset:    0.959214260879961

-180.0    0.9739494096021873
-176.0    0.9737944403413236
-172.0    0.9735681078849703
-168.0    0.9732714122670868
-164.0    0.9729056775002793
-160.0    0.9724726379316482
-156.0    0.9719743000601975
-152.0    0.9714130470951783
-148.0    0.9707915638579114
-144.0    0.9701128612625055
-140.0    0.9693802056238789
-136.0    0.9685971818919101
-132.0    0.9677676240883978
-128.0    0.9668955947377917
-124.0    0.965985395319342
-120.0    0.9650415490980098
-116.0    0.9640686956868624
-112.0    0.9630716799048635
-108.0    0.9620554514556238
-104.0    0.9610250614078688
-100.0    0.9599856619497622
-96.0    0.9589424304703716
-92.0    0.9579005394528499
-88.0    0.9568652129998758
-84.0    0.9558415900294733
-80.0    0.954834789213214
-76.0    0.9538497917254686
-72.0    0.9528914800502694
-68.0    0.9519646439861007
-64.0    0.9510738397083108
-60.0    0.9502234492389764
-56.0    0.9494176672244186
-52.0    0.9486604242357888
-48.0    0.9479554485391891
-44.0    0.9473061194282588
-40.0    0.9467155913622416
-36.0    0.9461867044117728
-32.0    0.9457219537475791
-28.0    0.9453235451278906
-24.0    0.9449933298578193
-20.0    0.9447328345255092
-16.0    0.9445431928569826
-12.0    0.9444252334420616
-8.0    0.9443794225837381
-4.0    0.9444058661066693
0.0    0.9445043119080346
4.0    0.9446741660360921
8.0    0.9449144789073161
12.0    0.9452240073638287
16.0    0.9456011494581101
20.0    0.9460439584303875
24.0    0.9465502278160163
28.0    0.9471174336256131
32.0    0.9477427422606011
36.0    0.9484231437444932
40.0    0.9491552601551513
44.0    0.9499355446492131
48.0    0.9507602362702087
52.0    0.9516253388758592
56.0    0.9525266948826648
60.0    0.9534599628153909
64.0    0.954420711489992
68.0    0.9554042982049907
72.0    0.9564060712930087
76.0    0.9574212274544888
80.0    0.9584449552538565
84.0    0.9594723543444013
88.0    0.9604985515200972
92.0    0.9615186488723717
96.0    0.9625277973749432
100.0    0.9635211678472543
104.0    0.964493995653978
108.0    0.9654416956483888
112.0    0.9663596574614023
116.0    0.9672435082131283
120.0    0.9680889908123587
124.0    0.9688919880183019
128.0    0.969648659383649
132.0    0.9703552919238851
136.0    0.9710084327613895
140.0    0.9716048631195137
144.0    0.9721416659394956
148.0    0.9726161485365852
152.0    0.9730259372920258
156.0    0.9733689491046399
160.0    0.9736434425940931
164.0    0.9738479432403865
168.0    0.9739813793498545
172.0    0.9740430043839924
176.0    0.9740323544833359
180.0    0.9739494062193963
