SCL_LLRF:FCM23b

Initial Phase:    -162.64139290506975
Sync Phase:    14.96677056802315

Amplitude:    0.014851962400379526
Frequency:    1.0005255772105053
Phase:    -147.6746223370466
Offset:    0.9451970342969911

-180.0    0.9577068599297297
-176.0    0.9582342769136755
-172.0    0.9586989314606225
-168.0    0.9590984449613856
-164.0    0.9594307750672457
-160.0    0.9596942470314623
-156.0    0.9598874745357905
-152.0    0.9600093709439044
-148.0    0.9600592511417759
-144.0    0.9600367475654871
-140.0    0.959941869192161
-136.0    0.9597749424584426
-132.0    0.9595366788618337
-128.0    0.9592281424136745
-124.0    0.9588507148090312
-120.0    0.9584061642703027
-116.0    0.9578965923729106
-112.0    0.9573244194154316
-108.0    0.9566923900313139
-104.0    0.9560035433455049
-100.0    0.9552612238689613
-96.0    0.9544690694601026
-92.0    0.953630944741845
-88.0    0.9527509603696911
-84.0    0.9518334837741342
-80.0    0.9508830254862528
-76.0    0.9499043161476652
-72.0    0.948902203342456
-68.0    0.9478816722161751
-64.0    0.9468478307744285
-60.0    0.9458058063182418
-56.0    0.9447607744891418
-52.0    0.9437180037407097
-48.0    0.9426826414065754
-44.0    0.9416598958986422
-40.0    0.9406548204052799
-36.0    0.9396724449675793
-32.0    0.9387176351508746
-28.0    0.9377950988271417
-24.0    0.9369094257405651
-20.0    0.9360649841236346
-16.0    0.9352658973758406
-12.0    0.9345160984274493
-8.0    0.9338192288519801
-4.0    0.9331786776735914
0.0    0.9325975153536185
4.0    0.9320785608130165
8.0    0.9316242380947931
12.0    0.9312367010656448
16.0    0.9309177465036595
20.0    0.9306688287285073
24.0    0.9304910481791636
28.0    0.9303851451747389
32.0    0.9303515214809978
36.0    0.93039025611674
40.0    0.9305009924292826
44.0    0.9306830914964103
48.0    0.9309355618826656
52.0    0.9312570640454857
56.0    0.9316459447210224
60.0    0.9321002263252379
64.0    0.932617610205515
68.0    0.9331955373932442
72.0    0.9338311684343176
76.0    0.9345213399014698
80.0    0.9352627213917892
84.0    0.9360516917373423
88.0    0.9368844386043489
92.0    0.9377569526506762
96.0    0.9386650231049658
100.0    0.9396043172351268
104.0    0.940570329646649
108.0    0.9415584137888842
112.0    0.9425639215575558
116.0    0.9435820156623836
120.0    0.9446078889885607
124.0    0.9456365951324869
128.0    0.9466633186756955
132.0    0.9476831126313898
136.0    0.9486911303431943
140.0    0.9496825849320208
144.0    0.9506527218232541
148.0    0.951596913906975
152.0    0.9525106314923207
156.0    0.9533895077877569
160.0    0.9542292672143531
164.0    0.9550258782868323
168.0    0.9557754750246243
172.0    0.9564744112386708
176.0    0.9571192604119705
180.0    0.9577068619678468
